# Blender v2.92.0 OBJ File: ''
# www.blender.org
mtllib lowerHalf.mtl
o pelvis_Cube
v 0.469957 1.322368 0.223132
v 0.469957 0.947437 0.223132
v 0.469957 1.322368 0.842812
v 0.469957 0.947437 0.842812
v -0.340461 1.322368 0.223132
v -0.340461 0.947437 0.223132
v -0.340461 1.322368 0.842812
v -0.340461 0.947437 0.842812
vt 0.625000 0.500000
vt 0.875000 0.500000
vt 0.875000 0.750000
vt 0.625000 0.750000
vt 0.375000 0.750000
vt 0.625000 1.000000
vt 0.375000 1.000000
vt 0.375000 0.000000
vt 0.625000 0.000000
vt 0.625000 0.250000
vt 0.375000 0.250000
vt 0.125000 0.500000
vt 0.375000 0.500000
vt 0.125000 0.750000
vn 0.0000 1.0000 0.0000
vn 0.0000 0.0000 1.0000
vn -1.0000 0.0000 0.0000
vn 0.0000 -1.0000 0.0000
vn 1.0000 0.0000 0.0000
vn 0.0000 0.0000 -1.0000
usemtl Material
s off
f 1/1/1 5/2/1 7/3/1 3/4/1
f 4/5/2 3/4/2 7/6/2 8/7/2
f 8/8/3 7/9/3 5/10/3 6/11/3
f 6/12/4 2/13/4 4/5/4 8/14/4
f 2/13/5 1/1/5 3/4/5 4/5/5
f 6/11/6 5/10/6 1/1/6 2/13/6
o thigh_Cube.001
v -0.281012 -0.133208 0.608808
v -0.280257 -0.129553 0.859405
v 0.231657 -0.202603 0.608275
v 0.232412 -0.198949 0.858872
v -0.102916 1.182658 0.589083
v -0.102161 1.186312 0.839680
v 0.409753 1.113262 0.588550
v 0.410508 1.116917 0.839147
vt 0.625000 0.500000
vt 0.875000 0.500000
vt 0.875000 0.750000
vt 0.625000 0.750000
vt 0.375000 0.750000
vt 0.625000 1.000000
vt 0.375000 1.000000
vt 0.375000 0.000000
vt 0.625000 0.000000
vt 0.625000 0.250000
vt 0.375000 0.250000
vt 0.125000 0.500000
vt 0.375000 0.500000
vt 0.125000 0.750000
vn -0.0030 -0.0146 -0.9999
vn 0.9910 -0.1341 -0.0010
vn 0.1341 0.9909 -0.0149
vn 0.0030 0.0146 0.9999
vn -0.1341 -0.9909 0.0149
vn -0.9910 0.1341 0.0010
usemtl Material.001
s off
f 9/15/7 13/16/7 15/17/7 11/18/7
f 12/19/8 11/18/8 15/20/8 16/21/8
f 16/22/9 15/23/9 13/24/9 14/25/9
f 14/26/10 10/27/10 12/19/10 16/28/10
f 10/27/11 9/15/11 11/18/11 12/19/11
f 14/25/12 13/24/12 9/15/12 10/27/12
o calf_Cube.003
v -0.377107 -1.168722 0.628730
v -0.376351 -1.165068 0.879327
v 0.135563 -1.238118 0.628197
v 0.136318 -1.234463 0.878794
v -0.199010 0.147143 0.609005
v -0.198255 0.150797 0.859602
v 0.313659 0.077747 0.608472
v 0.314414 0.081402 0.859069
vt 0.625000 0.500000
vt 0.875000 0.500000
vt 0.875000 0.750000
vt 0.625000 0.750000
vt 0.375000 0.750000
vt 0.625000 1.000000
vt 0.375000 1.000000
vt 0.375000 0.000000
vt 0.625000 0.000000
vt 0.625000 0.250000
vt 0.375000 0.250000
vt 0.125000 0.500000
vt 0.375000 0.500000
vt 0.125000 0.750000
vn -0.0030 -0.0146 -0.9999
vn 0.9910 -0.1341 -0.0010
vn 0.1341 0.9909 -0.0149
vn 0.0030 0.0146 0.9999
vn -0.1341 -0.9909 0.0149
vn -0.9910 0.1341 0.0010
usemtl Material.003
s off
f 17/29/13 21/30/13 23/31/13 19/32/13
f 20/33/14 19/32/14 23/34/14 24/35/14
f 24/36/15 23/37/15 21/38/15 22/39/15
f 22/40/16 18/41/16 20/33/16 24/42/16
f 18/41/17 17/29/17 19/32/17 20/33/17
f 22/39/18 21/38/18 17/29/18 18/41/18
o foot_Cube.005
v -0.397177 -1.140783 0.621398
v -0.396422 -1.137129 0.871960
v 0.458773 -1.256645 0.620508
v 0.459529 -1.252991 0.871070
v -0.355022 -0.829322 0.616729
v -0.354267 -0.825668 0.867291
v 0.500928 -0.945184 0.615839
v 0.501683 -0.941530 0.866401
vt 0.625000 0.500000
vt 0.875000 0.500000
vt 0.875000 0.750000
vt 0.625000 0.750000
vt 0.375000 0.750000
vt 0.625000 1.000000
vt 0.375000 1.000000
vt 0.375000 0.000000
vt 0.625000 0.000000
vt 0.625000 0.250000
vt 0.375000 0.250000
vt 0.125000 0.500000
vt 0.375000 0.500000
vt 0.125000 0.750000
vn -0.0030 -0.0146 -0.9999
vn 0.9910 -0.1341 -0.0010
vn 0.1341 0.9909 -0.0149
vn 0.0030 0.0146 0.9999
vn -0.1341 -0.9909 0.0149
vn -0.9910 0.1341 0.0010
usemtl Material.005
s off
f 25/43/19 29/44/19 31/45/19 27/46/19
f 28/47/20 27/46/20 31/48/20 32/49/20
f 32/50/21 31/51/21 29/52/21 30/53/21
f 30/54/22 26/55/22 28/47/22 32/56/22
f 26/55/23 25/43/23 27/46/23 28/47/23
f 30/53/24 29/52/24 25/43/24 26/55/24
